 1 AGRL  4    Agricultura   true
  40.00  1.25  3.00  0.15  0.05  0.50  0.95  0.80  2.00  1.00  0.50
  25.00  8.00  0.0175  0.0025  0.0440  0.0164  0.0128  0.0062  0.0023  0.0018
  0.010  0.200  0.005  4.000  0.750  8.000  660.000  36.000  0.050
 2 FRSD  7    Forest-Deci   true
  16.00  0.70  7.00  0.05  0.50  0.20  0.99  0.99  40.00  3.00  0.50
  21.00  4.00  0.0015  0.0003  0.0060  0.0020  0.0015  0.0007  0.0004  0.0003
  0.650  0.001  0.002  4.000  0.750  3.000  660.000  16.000  0.050
 3 FRSE  7    Forest-Ever   true
  20.00  0.80  8.00  0.20  0.50  0.50  0.99  0.99  25.00  3.00  0.50
  15.00  6.00  0.0015  0.0003  0.0060  0.0020  0.0015  0.0007  0.0004  0.0003
  0.650  0.001  0.002  4.000  0.750  3.000  660.000  16.000  0.050
 4 PAST  6    Pasture   true
  30.00  0.90  3.50  0.10  0.50  0.50  0.99  0.99  0.50  0.50  0.50
  21.00  4.00  0.0200  0.0033  0.0600  0.0231  0.0134  0.0084  0.0032  0.0019
  0.100  0.003  0.006  4.000  0.750  7.000  660.000  36.000  0.050
 5 RNGE  6    Range-Grass   true
  34.00  0.01  5.00  0.10  0.50  0.50  0.95  0.99  1.00  3.00  0.50
  21.00  2.00  0.0234  0.0033  0.0600  0.0231  0.0134  0.0084  0.0032  0.0019
  0.005  0.003  0.003  4.000  0.750  6.000  660.000  39.000  0.050
 6 RNGB  6    Range-Brush   false
  30.00  0.01  5.00  0.15  0.01  0.50  0.95  0.99  1.00  2.00  0.50
  25.00  8.00  0.0234  0.0033  0.0600  0.0231  0.0134  0.0084  0.0032  0.0019
  0.010  0.003  0.005  4.000  0.750  6.000  660.000  39.000  0.050
 7 WATR  6    Water   false
  0.00  0.01  0.00  0.15  0.01  0.50  0.95  0.99  1.00  0.85  0.50
  19.00  3.50  0.0100  0.0033  0.0600  0.0231  0.0134  0.0084  0.0032  0.0190
  0.005  0.003  0.005  4.000  0.750  6.000  660.000  0.000  0.000
 8 URBN  6    Urban   false
  8.00  0.01  1.00  0.10  0.50  0.50  0.99  0.99  10.00  3.00  0.50
  19.50  3.50  0.0100  0.0033  0.0600  0.0231  0.0134  0.0084  0.0032  0.0019
  0.005  0.003  0.005  4.000  0.750  6.000  660.000  0.000  0.000
 9 WWHT  5    Winter Wheat
  32.00  0.45  4.00  0.03  0.03  0.35  0.95  0.50  0.90  1.30  0.50
  18.00  0.00  0.0200  0.0018  0.0663  0.0255  0.0148  0.0053  0.0020  0.0012
  0.200  0.020  0.0056  4.000  0.750  6.000  660.000  39.000  0.050